<?xml version="1.0"?>
<opencv_storage>
<Color_Calib>
  <_>
    <poly_pts>
      176 163 222 187 176 254 127 202</poly_pts>
    <line_pts>
      0 255</line_pts></_>
  <_>
    <poly_pts>
      80 20 167 29 169 161 92 160</poly_pts>
    <line_pts>
      0 255</line_pts></_>
  <_>
    <poly_pts>
      113 113 143 113 143 143 113 143</poly_pts>
    <line_pts>
      0 255</line_pts></_></Color_Calib>
</opencv_storage>
