<?xml version="1.0" encoding="utf-8"?>
<opencv_storage>
   <center_coloum>2.42956393312391190000e+02</center_coloum>
   <center_row>2.41067025704244490000e+02</center_row>
   <para_a>2.15200565803423860000e+00</para_a>
   <para_b>5.76246907249066110000e-03</para_b>
   <correction_x>-2.42622330476380470000e+00</correction_x>
   <correction_y>1.15702909265261990000e+00</correction_y>
   <max_radius>2.72590847262624040000e+02</max_radius>
</opencv_storage>