<?xml version="1.0" encoding="utf-8"?>
<opencv_storage>
   <center_coloum>2.52170339748543480000e+02</center_coloum>
   <center_row>2.18180115949969230000e+02</center_row>
   <para_a>-9.27283825515183220000e-04</para_a>
   <para_b>4.05106449186708360000e-03</para_b>
   <correction_x>1.19284613816576380000e-03</correction_x>
   <correction_y>-6.32851218633356460000e-03</correction_y>
   <max_radius>3.87749029902739660000e+02</max_radius>
</opencv_storage>