<?xml version="1.0" encoding="utf-8"?>
<opencv_storage>
   <center_coloum>2.28880010016370760000e+02</center_coloum>
   <center_row>2.47179532811992120000e+02</center_row>
   <para_a>-5.00701385127273700000e-04</para_a>
   <para_b>2.85342406758815840000e-03</para_b>
   <correction_x>-1.01752485631858080000e-03</correction_x>
   <correction_y>1.02603418119320070000e-03</correction_y>
   <max_radius>5.50495225941864190000e+02</max_radius>
</opencv_storage>