<?xml version="1.0"?>
<opencv_storage>
<Color_Calib>
  <_>
    <poly_pts>
      113 113 143 113 143 143 113 143</poly_pts>
    <line_pts>
      0 255</line_pts></_>
  <_>
    <poly_pts>
      113 113 143 113 143 143 113 143</poly_pts>
    <line_pts>
      0 255</line_pts></_>
  <_>
    <poly_pts>
      113 113 143 113 143 143 113 143</poly_pts>
    <line_pts>
      0 255</line_pts></_></Color_Calib>
</opencv_storage>
