<?xml version="1.0"?>
<opencv_storage>
<Color_Calib>
  <_>
    <poly_pts>
      129 154 171 144 148 178 108 168</poly_pts>
    <line_pts>
      0 510</line_pts></_>
  <_>
    <poly_pts>
      119 118 135 122 132 129 123 132</poly_pts>
    <line_pts>
      0 255</line_pts></_>
  <_>
    <poly_pts>
      36 112 73 113 62 221 35 167</poly_pts>
    <line_pts>
      0 510</line_pts></_></Color_Calib>
</opencv_storage>
