<?xml version="1.0" encoding="utf-8"?>
<opencv_storage>
   <center_coloum>2.52731068967320790000e+02</center_coloum>
   <center_row>2.50637716900509020000e+02</center_row>
   <para_a>2.06320329977910610000e+00</para_a>
   <para_b>5.86162928225737560000e-03</para_b>
   <correction_x>-2.09359017173360230000e+00</correction_x>
   <correction_y>-7.71267846896061980000e-01</correction_y>
   <max_radius>2.67979473138902790000e+02</max_radius>
</opencv_storage>